060917 0959 183,25 183,25 183,25 183,25 6037
060917 1000 183,25 183,58 183,1 183,44 60922
060917 1001 183,36 183,64 183,27 183,5 19354
060917 1002 183,51 183,58 183,4 183,5 6357
060917 1003 183,5 183,63 183,5 183,52 9743
060917 1004 183,51 183,73 183,41 183,43 19401
060917 1005 183,43 183,43 183 183,07 30449
060917 1006 183,1 183,22 182,65 182,89 43809
060917 1007 182,85 182,96 182,7 182,74 33573
060917 1008 182,76 182,76 182,5 182,55 20684
060917 1009 182,55 182,65 182,53 182,54 20905
060917 1010 182,55 182,59 182,3 182,35 61672
060917 1011 182,35 182,4 182,05 182,38 63094
060917 1012 182,32 182,48 182,32 182,43 9442
060917 1013 182,47 182,67 182,46 182,58 20108
060917 1014 182,57 182,71 182,55 182,61 27960
060917 1015 182,66 182,77 182,55 182,67 19832
060917 1016 182,66 182,75 182,55 182,63 12923
060917 1017 182,62 182,63 182,51 182,58 24020
060917 1018 182,56 182,61 182,46 182,5 44455
060917 1019 182,5 182,51 182,4 182,43 17853
060917 1020 182,43 182,52 182,4 182,52 8190
060917 1021 182,47 182,51 182,32 182,32 6926
060917 1022 182,39 182,39 182,22 182,27 9700
060917 1023 182,27 182,27 182,15 182,17 12213
060917 1024 182,21 182,21 181,9 181,93 45794
060917 1025 181,9 181,93 181,7 181,83 28249
060917 1026 181,8 181,87 181,6 181,61 31418
060917 1027 181,62 181,67 181,53 181,61 33204
060917 1028 181,56 181,75 181,56 181,7 8965
060917 1029 181,7 181,84 181,69 181,71 9341
060917 1030 181,76 182,08 181,7 182 20237
060917 1031 182 182,09 181,97 182,09 6350
060917 1032 182,09 182,09 182,02 182,06 3504
060917 1033 182,05 182,09 181,87 181,87 18486
060917 1034 181,87 181,9 181,8 181,89 4643
060917 1035 181,89 182 181,85 181,97 18103
060917 1036 181,97 182,04 181,9 181,97 6110
060917 1037 181,91 181,97 181,9 181,9 4972
060917 1038 181,92 181,98 181,82 181,82 14086
060917 1039 181,83 181,91 181,8 181,85 10384
060917 1040 181,86 181,89 181,7 181,73 32255
060917 1041 181,71 181,75 181,47 181,56 78472
060917 1042 181,56 181,79 181,52 181,65 8311
060917 1043 181,65 181,75 181,6 181,75 7617
060917 1044 181,75 182,06 181,75 182,06 9875
060917 1045 182,05 182,06 182 182 6947
060917 1046 182,01 182,11 182 182,06 7274
060917 1047 182,03 182,03 181,72 181,72 12282
060917 1048 181,7 181,79 181,67 181,7 4225
060917 1049 181,74 181,9 181,68 181,76 9398
060917 1050 181,75 181,82 181,74 181,81 1683
060917 1051 181,85 181,87 181,75 181,87 2157
060917 1052 181,85 181,88 181,81 181,82 1393
060917 1053 181,82 181,9 181,82 181,9 1497
060917 1054 181,88 181,94 181,83 181,91 6127
060917 1055 181,94 182,08 181,9 182,08 13515
060917 1056 182,07 182,11 182 182,11 13160
060917 1057 182,1 182,2 182,1 182,14 9870
060917 1058 182,16 182,22 182 182,08 24768
060917 1059 182,04 182,19 182,04 182,13 5925
060917 1100 182,17 182,19 182,07 182,11 2652
060917 1101 182,1 182,15 182 182 14734
060917 1102 182 182,01 182 182 3910
060917 1103 182 182,08 182 182,07 2322
060917 1104 182,08 182,08 182 182 3578
060917 1105 182 182,09 182 182 1245
060917 1106 182,01 182,04 181,95 181,97 7468
060917 1107 181,98 182,08 181,98 182,02 5901
060917 1108 182,03 182,04 182 182,04 2075
060917 1109 182,05 182,08 182,04 182,08 1503
060917 1110 182,06 182,39 182,04 182,39 10202
060917 1111 182,38 182,38 182,23 182,29 3437
060917 1112 182,29 182,29 182,2 182,23 1173
060917 1113 182,2 182,29 182,11 182,27 8697
060917 1114 182,27 182,5 182,22 182,35 43636
060917 1115 182,36 182,59 182,36 182,55 6714
060917 1116 182,57 182,65 182,52 182,58 10993
060917 1117 182,58 182,61 182,55 182,55 3366
060917 1118 182,54 182,59 182,45 182,46 3558
060917 1119 182,47 182,62 182,46 182,61 6961
060917 1120 182,6 182,62 182,41 182,47 9970
060917 1121 182,47 182,51 182,47 182,51 2224
060917 1122 182,51 182,6 182,45 182,6 2773
060917 1123 182,6 182,6 182,42 182,52 2702
060917 1124 182,5 182,51 182,32 182,36 2324
060917 1125 182,32 182,41 182,31 182,36 1359
060917 1126 182,35 182,35 182,08 182,15 5157
060917 1127 182,15 182,31 182,15 182,17 3988
060917 1128 182,13 182,15 182,11 182,15 1157
060917 1129 182,15 182,35 182,12 182,35 4421
060917 1130 182,29 182,29 182,22 182,25 1682
060917 1131 182,24 182,28 182,21 182,24 1540
060917 1132 182,23 182,35 182,21 182,35 3132
060917 1133 182,35 182,39 182,3 182,33 780
060917 1134 182,32 182,32 182,12 182,12 1485
060917 1135 182,15 182,27 182 182,02 10666
060917 1136 182,02 182,3 182 182,3 4075
060917 1137 182,19 182,27 182,19 182,26 128
060917 1138 182,26 182,4 182,26 182,3 6488
060917 1139 182,29 182,3 182,26 182,28 497
060917 1140 182,28 182,3 182,26 182,26 6356
060917 1141 182,28 182,29 182,26 182,26 2173
060917 1142 182,29 182,37 182,26 182,35 4015
060917 1143 182,38 182,39 182,27 182,31 347
060917 1144 182,3 182,39 182,3 182,38 1374
060917 1145 182,34 182,35 182,26 182,3 597
060917 1146 182,3 182,3 182,27 182,27 489
060917 1147 182,3 182,4 182,26 182,37 5302
060917 1148 182,38 182,38 182,34 182,36 293
060917 1149 182,38 182,38 182,26 182,27 2741
060917 1150 182,27 182,31 182,1 182,15 9733
060917 1151 182,12 182,12 182,02 182,07 1950
060917 1152 182,08 182,08 182 182,02 2763
060917 1153 182,03 182,03 182 182 2950
060917 1154 182 182,02 182 182,01 4138
060917 1155 182,01 182,21 182 182,19 7015
060917 1156 182,19 182,19 182,1 182,14 966
060917 1157 182,14 182,14 182,1 182,14 347
060917 1158 182,14 182,14 182 182,04 2298
060917 1159 182,1 182,23 182,04 182,18 7180
060917 1200 182,12 182,16 182 182 24390
060917 1201 182 182,03 181,8 181,84 22924
060917 1202 181,83 181,93 181,8 181,83 7430
060917 1203 181,86 182,05 181,83 182,01 4311
060917 1204 182 182,04 182 182,02 1484
060917 1205 182,01 182,14 182 182,1 3021
060917 1206 182,08 182,22 182,05 182,21 2332
060917 1207 182,21 182,22 182,05 182,09 790
060917 1208 182,05 182,07 182,01 182,01 1152
060917 1209 182,01 182,04 182 182,02 949
060917 1210 182,02 182,02 182 182 184
060917 1211 182 182,01 182 182 6580
060917 1212 182 182,06 182 182,02 3291
060917 1213 182,05 182,05 182 182 2716
060917 1214 182,02 182,02 182 182,01 14454
060917 1215 182 182,05 181,9 181,93 14572
060917 1216 181,93 182,06 181,9 181,92 11333
060917 1217 181,91 181,99 181,91 181,94 3237
060917 1218 181,94 181,98 181,92 181,93 6115
060917 1219 181,93 181,94 181,9 181,94 1828
060917 1220 181,93 181,93 181,9 181,91 299
060917 1221 181,9 181,93 181,9 181,93 305
060917 1222 181,91 181,93 181,9 181,9 6997
060917 1223 181,9 181,91 181,82 181,88 2376
060917 1224 181,88 181,88 181,75 181,79 2901
060917 1225 181,79 181,81 181,73 181,79 5014
060917 1226 181,79 181,8 181,66 181,66 4761
060917 1227 181,66 181,76 181,65 181,76 3650
060917 1228 181,76 181,88 181,76 181,82 3778
060917 1229 181,85 181,98 181,85 181,98 4116
060917 1230 181,99 181,99 181,89 181,95 1205
060917 1231 181,95 181,95 181,92 181,95 1068
060917 1232 181,96 182,07 181,96 182,03 6025
060917 1233 182,03 182,1 182,02 182,1 10511
060917 1234 182,09 182,09 181,9 181,9 4970
060917 1235 181,92 182,01 181,92 181,98 8524
060917 1236 181,98 182 181,91 181,95 6032
060917 1237 181,92 181,92 181,86 181,86 2295
060917 1238 181,88 181,88 181,8 181,8 744
060917 1239 181,85 181,85 181,75 181,76 1133
060917 1240 181,78 181,82 181,74 181,74 7481
060917 1241 181,73 181,76 181,7 181,71 9038
060917 1242 181,72 181,75 181,7 181,73 1088
060917 1243 181,77 181,77 181,71 181,73 554
060917 1244 181,71 181,75 181,71 181,75 830
060917 1245 181,75 181,75 181,7 181,75 920
060917 1246 181,71 181,73 181,71 181,73 802
060917 1247 181,73 181,74 181,65 181,65 7087
060917 1248 181,64 181,67 181,54 181,65 29171
060917 1249 181,69 181,74 181,62 181,68 1561
060917 1250 181,64 181,8 181,62 181,72 24064
060917 1251 181,76 181,77 181,61 181,76 23551
060917 1252 181,72 181,8 181,72 181,75 15858
060917 1253 181,76 181,91 181,75 181,89 4163
060917 1254 181,89 181,92 181,83 181,85 643
060917 1255 181,9 181,94 181,85 181,89 1225
060917 1256 181,89 181,94 181,87 181,9 1302
060917 1257 181,89 182 181,89 182 48260
060917 1258 181,96 181,98 181,9 181,92 4188
060917 1259 181,92 181,96 181,9 181,9 3940
060917 1300 181,9 182 181,9 181,95 6283
060917 1301 181,98 182 181,83 181,83 25951
060917 1302 181,84 181,85 181,8 181,82 817
060917 1303 181,82 181,89 181,8 181,82 1802
060917 1304 181,85 181,9 181,85 181,85 1200
060917 1305 181,87 181,92 181,85 181,85 2926
060917 1306 181,86 181,86 181,83 181,83 142
060917 1307 181,83 181,83 181,82 181,82 310
060917 1308 181,81 181,83 181,81 181,81 262
060917 1309 181,83 181,83 181,82 181,82 242
060917 1310 181,82 181,83 181,74 181,74 2189
060917 1311 181,74 181,74 181,67 181,71 2874
060917 1312 181,72 181,72 181,64 181,65 1583
060917 1313 181,67 181,7 181,67 181,7 2130
060917 1314 181,7 181,71 181,69 181,7 1819
060917 1315 181,71 181,71 181,69 181,7 542
060917 1316 181,71 181,8 181,64 181,8 6599
060917 1317 181,69 181,88 181,64 181,78 5075
060917 1318 181,75 181,79 181,7 181,79 1350
060917 1319 181,79 181,79 181,75 181,79 1472
060917 1320 181,79 181,8 181,79 181,79 163
060917 1321 181,8 181,8 181,79 181,79 32
060917 1322 181,79 181,8 181,76 181,76 2535
060917 1323 181,76 181,76 181,76 181,76 32
060917 1324 181,79 181,8 181,77 181,8 1003
060917 1325 181,79 181,9 181,77 181,84 4562
060917 1326 181,9 181,9 181,85 181,86 637
060917 1327 181,86 181,88 181,86 181,86 237
060917 1328 181,88 181,93 181,88 181,93 1516
060917 1329 181,9 181,9 181,88 181,9 971
060917 1330 181,89 181,99 181,87 181,99 2680
060917 1331 181,94 182,1 181,94 182 5228
060917 1332 182,05 182,05 181,89 181,89 5656
060917 1333 181,9 181,9 181,86 181,86 1091
060917 1334 181,85 181,87 181,85 181,85 153
060917 1335 181,85 181,87 181,81 181,81 653
060917 1336 181,81 181,81 181,8 181,8 535
060917 1337 181,81 181,83 181,79 181,8 2855
060917 1338 181,83 181,83 181,77 181,77 338
060917 1339 181,78 181,78 181,78 181,78 32
060917 1340 181,77 181,9 181,77 181,88 3285
060917 1341 181,88 182,04 181,88 181,98 3506
060917 1342 181,99 182,16 181,99 182,02 6000
060917 1343 182,04 182,12 182,02 182,02 2208
060917 1344 182,07 182,07 182 182 1044
060917 1345 182,02 182,02 181,99 181,99 791
060917 1346 181,96 182 181,96 182 1014
060917 1347 182 182,02 182 182,02 922
060917 1348 182,02 182,02 181,91 181,91 2551
060917 1349 181,94 181,96 181,92 181,96 998
060917 1350 181,93 181,93 181,85 181,85 675
060917 1351 181,86 181,88 181,86 181,86 585
060917 1352 181,88 181,88 181,83 181,83 316
060917 1353 181,83 181,85 181,74 181,79 4940
060917 1354 181,74 181,79 181,74 181,79 1826
060917 1355 181,79 181,81 181,79 181,81 939
060917 1356 181,79 181,79 181,74 181,75 1558
060917 1357 181,78 181,79 181,76 181,79 655
060917 1358 181,79 181,79 181,75 181,76 1523
060917 1359 181,79 181,79 181,75 181,75 864
060917 1400 181,75 181,76 181,73 181,73 1090
060917 1401 181,73 181,75 181,72 181,75 1370
060917 1402 181,75 181,79 181,75 181,79 1573
060917 1403 181,79 181,8 181,78 181,8 1378
060917 1404 181,8 181,81 181,8 181,81 187
060917 1405 181,81 181,87 181,77 181,82 2502
060917 1406 181,82 181,82 181,8 181,8 330
060917 1407 181,79 181,8 181,77 181,78 502
060917 1408 181,78 181,81 181,77 181,81 1109
060917 1409 181,8 181,81 181,75 181,75 931
060917 1410 181,8 181,8 181,79 181,79 1248
060917 1411 181,79 181,8 181,75 181,8 554
060917 1412 181,79 181,8 181,79 181,79 206
060917 1413 181,8 181,81 181,77 181,77 1107
060917 1414 181,81 181,81 181,77 181,77 751
060917 1415 181,78 181,8 181,77 181,77 392
060917 1416 181,79 181,79 181,77 181,79 284
060917 1417 181,79 181,79 181,76 181,76 591
060917 1418 181,79 181,8 181,76 181,8 1618
060917 1419 181,8 181,83 181,78 181,83 988
060917 1420 181,83 181,83 181,78 181,83 2040
060917 1421 181,84 181,84 181,83 181,83 488
060917 1422 181,83 181,83 181,82 181,83 332
060917 1423 181,83 181,83 181,8 181,8 987
060917 1424 181,81 181,82 181,8 181,82 330
060917 1425 181,81 181,81 181,75 181,77 6925
060917 1426 181,77 181,79 181,77 181,79 1244
060917 1427 181,79 181,81 181,79 181,81 251
060917 1428 181,81 181,82 181,81 181,82 678
060917 1429 181,82 181,82 181,81 181,81 198
060917 1430 181,81 181,81 181,77 181,8 1843
060917 1431 181,8 181,82 181,8 181,82 371
060917 1432 181,82 181,9 181,81 181,9 1310
060917 1433 181,89 181,99 181,89 181,95 5382
060917 1434 182 182 181,91 181,91 1341
060917 1435 181,91 181,94 181,88 181,89 369
060917 1436 181,91 182 181,91 181,99 1568
060917 1437 181,95 181,99 181,92 181,94 477
060917 1438 181,99 181,99 181,95 181,98 383
060917 1439 181,97 181,97 181,91 181,91 759
060917 1440 181,9 181,9 181,78 181,83 4997
060917 1441 181,83 181,84 181,78 181,83 1839
060917 1442 181,83 181,89 181,8 181,89 1602
060917 1443 181,84 181,91 181,83 181,88 1125
060917 1444 181,9 181,9 181,85 181,89 427
060917 1445 181,89 181,89 181,86 181,89 174
060917 1446 181,89 181,89 181,79 181,79 1171
060917 1447 181,79 181,81 181,77 181,77 1687
060917 1448 181,78 181,78 181,75 181,76 1194
060917 1449 181,75 181,76 181,75 181,76 1397
060917 1450 181,76 181,85 181,76 181,85 2778
060917 1451 181,85 181,95 181,83 181,94 2048
060917 1452 181,94 181,94 181,87 181,9 1429
060917 1453 181,87 181,87 181,8 181,85 621
060917 1454 181,85 181,85 181,8 181,8 668
060917 1455 181,8 181,84 181,8 181,8 457
060917 1456 181,81 181,84 181,81 181,82 527
060917 1457 181,84 181,84 181,82 181,84 677
060917 1458 181,84 181,84 181,82 181,84 788
060917 1459 181,84 181,85 181,81 181,81 1486
060917 1500 181,84 181,94 181,8 181,88 4099
060917 1501 181,85 181,88 181,85 181,88 479
060917 1502 181,88 182 181,87 182 3554
060917 1503 181,96 182 181,93 181,97 1919
060917 1504 181,99 181,99 181,98 181,99 1188
060917 1505 181,99 182,12 181,99 182,06 4850
060917 1506 182,06 182,12 182,04 182,07 1646
060917 1507 182,08 182,15 182,08 182,08 5774
060917 1508 182,02 182,12 182,01 182,12 1986
060917 1509 182,11 182,14 182,1 182,14 2057
060917 1510 182,13 182,14 182,05 182,05 2417
060917 1511 182,09 182,14 182,05 182,09 10928
060917 1512 182,11 182,15 182,09 182,12 9845
060917 1513 182,11 182,13 182,09 182,09 4546
060917 1514 182,09 182,11 182,09 182,09 4218
060917 1515 182,09 182,12 182,09 182,11 3132
060917 1516 182,11 182,15 182,1 182,11 5045
060917 1517 182,14 182,14 182,1 182,11 1305
060917 1518 182,1 182,11 182,09 182,11 1244
060917 1519 182,1 182,12 182,09 182,12 4114
060917 1520 182,11 182,15 182,1 182,14 2394
060917 1521 182,13 182,15 182,1 182,15 8669
060917 1522 182,14 182,2 182,14 182,17 17594
060917 1523 182,17 182,2 182,13 182,17 3909
060917 1524 182,17 182,17 182,11 182,11 2274
060917 1525 182,14 182,14 182,09 182,09 7594
060917 1526 182,09 182,13 182,09 182,1 1253
060917 1527 182,09 182,1 182,09 182,09 1596
060917 1528 182,09 182,14 182,09 182,14 3373
060917 1529 182,14 182,16 182,12 182,15 1336
060917 1530 182,14 182,15 182,11 182,11 738
060917 1531 182,14 182,15 182,1 182,11 1180
060917 1532 182,11 182,16 182,1 182,16 1062
060917 1533 182,16 182,16 182,08 182,1 1949
060917 1534 182,1 182,16 182,1 182,16 2163
060917 1535 182,11 182,13 182,07 182,07 7969
060917 1536 182,11 182,15 182,05 182,15 5230
060917 1537 182,15 182,15 182 182,05 8856
060917 1538 182,05 182,05 182 182,04 4117
060917 1539 182,04 182,15 182,04 182,15 2751
060917 1540 182,15 182,16 182,11 182,15 1143
060917 1541 182,15 182,16 182,11 182,15 1703
060917 1542 182,15 182,16 182,14 182,16 2015
060917 1543 182,16 182,19 182,16 182,19 1626
060917 1544 182,19 182,2 182,17 182,2 2092
060917 1545 182,2 182,2 182,15 182,15 3782
060917 1546 182,19 182,3 182,15 182,25 20614
060917 1547 182,24 182,29 182,15 182,17 7030
060917 1548 182,17 182,19 182,15 182,19 3765
060917 1549 182,19 182,19 182,15 182,18 3811
060917 1550 182,18 182,2 182,17 182,2 1913
060917 1551 182,2 182,2 182,15 182,17 1916
060917 1552 182,15 182,17 182,15 182,17 2635
060917 1553 182,17 182,17 182,15 182,17 1236
060917 1554 182,16 182,18 182,16 182,18 1682
060917 1555 182,18 182,19 182,06 182,06 1768
060917 1556 182,06 182,06 182 182,06 4603
060917 1557 182,06 182,15 182,06 182,14 2517
060917 1558 182,14 182,16 182,1 182,1 1518
060917 1559 182,14 182,14 182,1 182,1 2346
060917 1600 182,12 182,24 182,12 182,2 6225
060917 1601 182,2 182,36 182,2 182,3 25395
060917 1602 182,25 182,28 182,23 182,28 2788
060917 1603 182,28 182,28 182,2 182,23 12450
060917 1604 182,22 182,26 182,2 182,25 8876
060917 1605 182,27 182,27 182,23 182,27 900
060917 1606 182,27 182,27 182,21 182,26 1000
060917 1607 182,26 182,3 182,26 182,3 432
060917 1608 182,26 182,3 182,24 182,28 13861
060917 1609 182,24 182,3 182,21 182,25 12193
060917 1610 182,25 182,29 182,25 182,25 915
060917 1611 182,24 182,28 182,21 182,25 12957
060917 1612 182,26 182,27 182,25 182,25 1490
060917 1613 182,25 182,29 182,23 182,23 1095
060917 1614 182,21 182,26 182,21 182,22 742
060917 1615 182,23 182,31 182,23 182,3 2521
060917 1616 182,3 182,33 182,23 182,31 3047
060917 1617 182,32 182,4 182,32 182,39 12187
060917 1618 182,39 182,39 182,3 182,3 6463
060917 1619 182,3 182,35 182,28 182,35 874
060917 1620 182,35 182,49 182,32 182,49 14352
060917 1621 182,46 182,49 182,4 182,48 8494
060917 1622 182,47 182,72 182,46 182,69 41298
060917 1623 182,7 182,7 182,55 182,58 2579
060917 1624 182,58 182,6 182,5 182,6 4618
060917 1625 182,59 182,7 182,56 182,67 4460
060917 1626 182,68 182,7 182,6 182,6 3391
060917 1627 182,6 182,62 182,37 182,45 11118
060917 1628 182,47 182,6 182,42 182,6 2358
060917 1629 182,6 182,62 182,57 182,6 1054
060917 1630 182,6 182,6 182,41 182,52 3215
060917 1631 182,53 182,57 182,53 182,57 2174
060917 1632 182,56 182,56 182,42 182,42 2291
060917 1633 182,42 182,44 182,3 182,44 8053
060917 1634 182,44 182,54 182,4 182,48 2766
060917 1635 182,48 182,48 182,39 182,42 5245
060917 1636 182,43 182,48 182,38 182,48 2077
060917 1637 182,42 182,47 182,4 182,4 525
060917 1638 182,4 182,55 182,4 182,55 3260
060917 1639 182,55 182,56 182,47 182,47 2320
060917 1640 182,47 182,47 182,27 182,3 9562
060917 1641 182,3 182,37 182,3 182,37 9564
060917 1642 182,37 182,37 182,3 182,37 1552
060917 1643 182,37 182,37 182,3 182,36 695
060917 1644 182,36 182,44 182,35 182,41 9460
060917 1645 182,41 182,62 182,41 182,58 4768
060917 1646 182,6 182,6 182,56 182,6 2675
060917 1647 182,6 182,6 182,5 182,5 5589
060917 1648 182,51 182,6 182,51 182,59 2046
060917 1649 182,6 182,6 182,58 182,59 8099
060917 1650 182,59 182,6 182,57 182,6 1668
060917 1651 182,6 182,6 182,57 182,6 2132
060917 1652 182,6 182,6 182,51 182,59 1111
060917 1653 182,58 182,58 182,53 182,56 1773
060917 1654 182,56 182,57 182,56 182,56 1961
060917 1655 182,57 182,6 182,56 182,56 2425
060917 1656 182,56 182,59 182,5 182,55 8286
060917 1657 182,55 182,58 182,48 182,48 1923
060917 1658 182,5 182,51 182,4 182,45 4124
060917 1659 182,45 182,64 182,4 182,61 9333
060917 1700 182,64 182,66 182,42 182,5 25594
060917 1701 182,5 182,52 182,45 182,46 6593
060917 1702 182,48 182,54 182,48 182,51 2195
060917 1703 182,52 182,52 182,4 182,4 7919
060917 1704 182,4 182,56 182,4 182,5 8163
060917 1705 182,5 182,54 182,4 182,42 2518
060917 1706 182,42 182,45 182,4 182,42 1527
060917 1707 182,45 182,48 182,44 182,46 1848
060917 1708 182,48 182,53 182,44 182,44 1766
060917 1709 182,45 182,47 182,45 182,45 303
060917 1710 182,45 182,56 182,45 182,56 15116
060917 1711 182,56 182,56 182,55 182,56 4986
060917 1712 182,56 182,72 182,5 182,66 9121
060917 1713 182,66 182,97 182,63 182,89 32602
060917 1714 182,89 182,89 182,7 182,7 11897
060917 1715 182,77 182,89 182,77 182,89 13035
060917 1716 182,83 182,95 182,8 182,81 7512
060917 1717 182,81 182,85 182,7 182,7 3949
060917 1718 182,71 182,77 182,7 182,7 1990
060917 1719 182,67 182,67 182,58 182,65 1442
060917 1720 182,59 182,66 182,5 182,56 12781
060917 1721 182,6 182,67 182,5 182,67 4664
060917 1722 182,66 182,69 182,61 182,66 1967
060917 1723 182,67 182,8 182,67 182,78 3399
060917 1724 182,78 182,8 182,72 182,75 2252
060917 1725 182,76 182,81 182,65 182,81 4968
060917 1726 182,81 182,82 182,8 182,82 6900
060917 1727 182,82 182,85 182,8 182,8 1674
060917 1728 182,8 182,9 182,8 182,88 4129
060917 1729 182,9 183 182,9 182,99 26969
060917 1730 182,98 183 182,9 182,96 20178
060917 1731 182,91 182,93 182,88 182,93 1589
060917 1732 182,89 182,89 182,83 182,88 942
060917 1733 182,88 182,88 182,81 182,83 6802
060917 1734 182,86 182,93 182,83 182,91 2969
060917 1735 182,9 182,94 182,9 182,9 10247
060917 1736 182,9 182,94 182,88 182,94 4157
060917 1737 182,95 183,03 182,93 183 77687
060917 1738 182,98 182,98 182,86 182,86 14643
060917 1739 182,86 182,9 182,82 182,9 2515
060917 1740 182,89 182,96 182,8 182,82 3678
060917 1741 182,82 182,87 182,72 182,78 8575
060917 1742 182,72 182,92 182,65 182,84 4992
060917 1743 182,84 182,9 182,84 182,84 1688
060917 1744 182,85 182,89 182,71 182,71 9173
060917 1745 182,72 182,75 182,61 182,64 1312
060917 1746 182,67 182,8 182,67 182,8 2689
060917 1747 182,82 182,9 182,81 182,9 926
060917 1748 182,87 182,88 182,77 182,77 1574
060917 1749 182,8 182,8 182,77 182,8 458
060917 1750 182,8 182,8 182,77 182,79 913
060917 1751 182,79 182,85 182,77 182,83 1041
060917 1752 182,81 182,9 182,81 182,89 619
060917 1753 182,89 182,89 182,85 182,89 201
060917 1754 182,9 182,96 182,85 182,91 2283
060917 1755 182,95 182,98 182,9 182,94 1245
060917 1756 182,89 182,94 182,85 182,94 1100
060917 1757 182,94 182,96 182,92 182,95 1939
060917 1758 182,94 182,95 182,86 182,94 1878
060917 1759 182,93 182,97 182,9 182,95 6042
060917 1800 182,95 182,98 182,9 182,94 2803
060917 1801 182,94 183,03 182,92 183 11012
060917 1802 183 183,05 183 183,05 12129
060917 1803 183,05 183,05 183 183 7136
060917 1804 182,99 183,04 182,93 183,02 7683
060917 1805 183,04 183,28 183,04 183,21 41870
060917 1806 183,21 183,23 183,18 183,21 844
060917 1807 183,21 183,21 183,14 183,16 2118
060917 1808 183,16 183,16 183,14 183,15 4739
060917 1809 183,15 183,15 183,08 183,08 3580
060917 1810 183,08 183,2 183,08 183,17 10208
060917 1811 183,15 183,27 183,13 183,18 6193
060917 1812 183,18 183,3 183,18 183,3 7782
060917 1813 183,29 183,3 183,16 183,16 4088
060917 1814 183,2 183,33 183,16 183,28 7237
060917 1815 183,23 183,31 183,23 183,3 1978
060917 1816 183,3 183,31 183,26 183,27 2057
060917 1817 183,29 183,3 183,26 183,28 705
060917 1818 183,28 183,28 183,23 183,23 1005
060917 1819 183,23 183,23 183,14 183,14 1981
060917 1820 183,15 183,17 183,09 183,1 8731
060917 1821 183,1 183,11 183,05 183,1 3915
060917 1822 183,07 183,19 183,07 183,16 3643
060917 1823 183,16 183,16 183,09 183,09 372
060917 1824 183,09 183,1 183,06 183,08 1959
060917 1825 183,09 183,12 183,08 183,11 1884
060917 1826 183,1 183,1 183,08 183,09 1073
060917 1827 183,09 183,09 183,01 183,02 16362
060917 1828 183,02 183,03 183,01 183,01 2718
060917 1829 183,02 183,08 183,02 183,03 4616
060917 1830 183,07 183,16 183,03 183,16 4851
060917 1831 183,14 183,25 183,14 183,25 6600
060917 1832 183,18 183,27 183,18 183,23 3286
060917 1833 183,23 183,29 183,23 183,28 12091
060917 1834 183,27 183,35 183,26 183,32 20324
060917 1835 183,33 183,37 183,3 183,34 22057
060917 1836 183,36 183,48 183,34 183,46 17248
060917 1837 183,46 183,48 183,33 183,33 7673
060917 1838 183,34 183,47 183,34 183,4 6229
060917 1839 183,45 183,47 183,15 183,15 29920
060917 1845 183,12 183,12 183,12 183,12 35171
060917 1846 183,12 183,12 183,12 183,12 3057
060917 1847 183,12 183,12 183,12 183,12 13
060917 1848 183,12 183,12 183,12 183,12 474
060917 1849 183,12 183,12 183,12 183,12 500
070917 0959 183,47 183,47 183,47 183,47 4371
070917 1000 183,47 184,35 183,47 184,21 68827
070917 1001 184,16 184,4 184,08 184,29 46554
070917 1002 184,29 184,29 183,74 184,03 41417
070917 1003 184,05 184,05 183,91 184 14720
070917 1004 184 184 183,74 183,9 14758
070917 1005 183,9 183,98 183,7 183,74 7063
070917 1006 183,7 183,8 183,59 183,64 14196
070917 1007 183,67 183,7 183,54 183,68 26181
070917 1008 183,6 183,68 183,53 183,56 5163
070917 1009 183,6 183,7 183,56 183,7 3404
070917 1010 183,7 183,8 183,7 183,8 6510
070917 1011 183,8 183,8 183,53 183,62 18345
070917 1012 183,68 183,82 183,59 183,59 11730
070917 1013 183,59 183,64 183,32 183,44 20284
070917 1014 183,48 183,51 183,32 183,45 5387
070917 1015 183,4 183,4 183,36 183,4 8957
070917 1016 183,4 183,61 183,36 183,61 12233
070917 1017 183,56 183,76 183,56 183,73 6132
070917 1018 183,67 183,69 183,48 183,67 2269
070917 1019 183,68 183,83 183,65 183,81 8146
070917 1020 183,8 183,83 183,76 183,83 9089
070917 1021 183,83 183,91 183,8 183,85 7496
070917 1022 183,86 183,9 183,8 183,8 5006
070917 1023 183,8 183,83 183,77 183,83 1324
070917 1024 183,8 183,83 183,71 183,83 4328
070917 1025 183,76 183,83 183,75 183,81 1605
070917 1026 183,75 183,8 183,75 183,76 886
070917 1027 183,76 183,79 183,64 183,65 5882
070917 1028 183,65 183,71 183,5 183,5 11676
070917 1029 183,51 183,54 183,49 183,51 12527
070917 1030 183,51 183,65 183,36 183,58 30081
070917 1031 183,6 183,74 183,6 183,66 4894
070917 1032 183,69 183,82 183,69 183,82 2789
070917 1033 183,77 183,79 183,75 183,75 2317
070917 1034 183,76 183,76 183,58 183,7 13758
070917 1035 183,7 183,78 183,68 183,76 7544
070917 1036 183,79 183,83 183,71 183,83 4113
070917 1037 183,8 183,87 183,8 183,86 1289
070917 1038 183,85 183,95 183,85 183,95 7536
070917 1039 183,94 183,98 183,94 183,98 3255
070917 1040 183,98 184,13 183,98 184,13 27932
070917 1041 184,13 184,15 184,08 184,12 6514
070917 1042 184,12 184,14 184,12 184,12 1995
070917 1043 184,12 184,16 184,12 184,15 3918
070917 1044 184,15 184,16 184,1 184,13 3186
070917 1045 184,13 184,19 184 184,03 4490
070917 1046 184,03 184,04 183,84 183,9 2959
070917 1047 183,9 184 183,9 183,96 1328
070917 1048 183,98 184,08 183,96 183,99 4304
070917 1049 183,97 184,08 183,97 184,07 1373
070917 1050 184,04 184,06 184,04 184,05 124
070917 1051 184,06 184,15 184,06 184,13 9203
070917 1052 184,13 184,13 184,12 184,12 2809
070917 1053 184,12 184,19 184,12 184,19 16081
070917 1054 184,18 184,3 184,18 184,28 21929
070917 1055 184,27 184,4 184,27 184,4 19981
070917 1056 184,4 184,74 184,4 184,73 83621
070917 1057 184,7 184,92 184,7 184,77 54973
070917 1058 184,77 184,8 184,69 184,69 9943
070917 1059 184,69 184,84 184,57 184,84 27060
070917 1100 184,82 184,98 184,8 184,87 28657
070917 1101 184,9 184,99 184,89 184,96 16821
070917 1102 184,93 184,97 184,81 184,89 11433
070917 1103 184,9 184,98 184,76 184,96 19736
070917 1104 184,97 185 184,79 184,85 85288
070917 1105 184,85 184,98 184,81 184,96 15680
070917 1106 184,96 184,99 184,87 184,96 6769
070917 1107 184,93 185 184,81 184,99 46370
070917 1108 184,98 184,99 184,85 184,86 3553
070917 1109 184,85 184,95 184,79 184,91 18434
070917 1110 184,91 184,97 184,9 184,95 3964
070917 1111 184,96 184,98 184,86 184,87 4112
070917 1112 184,88 184,95 184,87 184,94 2928
070917 1113 184,91 184,99 184,9 184,93 5768
070917 1114 184,94 184,98 184,9 184,91 8526
070917 1115 184,9 184,98 184,89 184,95 5916
070917 1116 184,93 184,95 184,93 184,94 1206
070917 1117 184,94 184,94 184,86 184,86 3099
070917 1118 184,87 184,94 184,86 184,9 6976
070917 1119 184,9 184,9 184,87 184,9 2298
070917 1120 184,9 184,9 184,83 184,88 1954
070917 1121 184,88 184,88 184,65 184,67 9900
070917 1122 184,68 184,78 184,65 184,7 7584
070917 1123 184,75 184,75 184,65 184,68 5158
070917 1124 184,68 184,7 184,66 184,67 1017
070917 1125 184,67 184,68 184,6 184,65 13137
070917 1126 184,65 184,67 184,6 184,67 6237
070917 1127 184,63 184,77 184,63 184,77 5592
070917 1128 184,77 184,9 184,74 184,88 9700
070917 1129 184,85 184,85 184,78 184,85 12992
070917 1130 184,84 184,85 184,8 184,81 7217
070917 1131 184,81 184,85 184,7 184,72 10779
070917 1132 184,78 184,78 184,52 184,61 17908
070917 1133 184,62 184,75 184,61 184,62 3535
070917 1134 184,62 184,68 184,6 184,6 2904
070917 1135 184,59 184,62 184,56 184,59 2316
070917 1136 184,61 184,64 184,6 184,61 1820
070917 1137 184,6 184,66 184,6 184,66 18855
070917 1138 184,65 184,72 184,56 184,57 7657
070917 1139 184,57 184,59 184,56 184,59 7629
070917 1140 184,59 184,72 184,56 184,72 10454
070917 1141 184,72 184,72 184,58 184,62 4201
070917 1142 184,65 184,84 184,65 184,84 15580
070917 1143 184,85 184,85 184,76 184,85 3110
070917 1144 184,81 184,85 184,81 184,85 962
070917 1145 184,85 184,85 184,81 184,83 2071
070917 1146 184,83 184,83 184,56 184,67 18072
070917 1147 184,62 184,68 184,59 184,6 2717
070917 1148 184,6 184,65 184,59 184,62 4576
070917 1149 184,61 184,65 184,54 184,57 8755
070917 1150 184,58 184,58 184,2 184,4 14643
070917 1151 184,4 184,4 184,33 184,33 1620
070917 1152 184,33 184,34 184,3 184,3 6724
070917 1153 184,34 184,34 184,11 184,25 10670
070917 1154 184,25 184,29 184,24 184,28 1739
070917 1155 184,28 184,3 184,2 184,28 1387
070917 1156 184,3 184,39 184,3 184,35 8027
070917 1157 184,34 184,35 184,32 184,32 1304
070917 1158 184,34 184,37 184,34 184,36 2257
070917 1159 184,35 184,38 184,28 184,3 3628
070917 1200 184,3 184,5 184,28 184,5 21613
070917 1201 184,48 184,5 184,46 184,46 418
070917 1202 184,45 184,5 184,45 184,49 782
070917 1203 184,48 184,54 184,39 184,4 6360
070917 1204 184,39 184,45 184,39 184,44 278
070917 1205 184,44 184,5 184,44 184,45 1004
070917 1206 184,49 184,5 184,46 184,49 407
070917 1207 184,47 184,5 184,47 184,47 1690
070917 1208 184,49 184,57 184,49 184,55 11952
070917 1209 184,55 184,67 184,54 184,63 2279
070917 1210 184,64 184,7 184,63 184,67 4852
070917 1211 184,67 184,68 184,57 184,65 2265
070917 1212 184,66 184,69 184,65 184,69 2781
070917 1213 184,65 184,8 184,65 184,79 14702
070917 1214 184,74 184,79 184,74 184,75 193
070917 1215 184,75 184,75 184,7 184,73 2250
070917 1216 184,71 184,73 184,58 184,58 1618
070917 1217 184,62 184,62 184,54 184,6 2985
070917 1218 184,57 184,66 184,57 184,66 726
070917 1219 184,66 184,74 184,66 184,7 392
070917 1220 184,72 184,76 184,71 184,72 1372
070917 1221 184,72 184,75 184,72 184,74 1185
070917 1222 184,73 184,74 184,62 184,62 3266
070917 1223 184,67 184,71 184,62 184,63 913
070917 1224 184,63 184,63 184,61 184,63 2477
070917 1225 184,61 184,61 184,51 184,61 4262
070917 1226 184,62 184,66 184,56 184,56 3503
070917 1227 184,56 184,63 184,5 184,5 1097
070917 1228 184,51 184,51 184,51 184,51 304
070917 1229 184,57 184,63 184,57 184,63 91
070917 1230 184,61 184,73 184,59 184,69 10360
070917 1231 184,68 184,74 184,67 184,69 273
070917 1232 184,68 184,75 184,66 184,67 1453
070917 1233 184,67 184,72 184,58 184,72 3214
070917 1234 184,66 184,66 184,6 184,6 457
070917 1235 184,68 184,73 184,67 184,73 333
070917 1236 184,67 184,67 184,55 184,55 612
070917 1237 184,64 184,69 184,64 184,69 876
070917 1238 184,64 184,64 184,61 184,61 139
070917 1239 184,6 184,68 184,59 184,68 659
070917 1240 184,62 184,74 184,62 184,74 879
070917 1241 184,69 184,74 184,69 184,74 603
070917 1242 184,75 184,84 184,73 184,79 13403
070917 1243 184,79 184,84 184,78 184,84 2071
070917 1244 184,83 184,83 184,78 184,81 250
070917 1245 184,8 184,81 184,76 184,77 4271
070917 1246 184,82 184,82 184,78 184,81 481
070917 1247 184,82 184,85 184,8 184,83 1506
070917 1248 184,82 184,82 184,72 184,8 8086
070917 1249 184,76 184,82 184,76 184,82 924
070917 1250 184,83 184,83 184,76 184,8 1000
070917 1251 184,8 184,8 184,7 184,71 3533
070917 1252 184,72 184,74 184,72 184,72 1878
070917 1253 184,72 184,72 184,7 184,7 252
070917 1254 184,72 184,74 184,61 184,68 3742
070917 1255 184,67 184,69 184,6 184,61 1441
070917 1256 184,64 184,7 184,64 184,7 694
070917 1257 184,69 184,75 184,69 184,74 602
070917 1258 184,71 184,74 184,7 184,74 367
070917 1259 184,74 184,74 184,64 184,64 340
070917 1300 184,65 184,74 184,65 184,74 649
070917 1301 184,71 184,74 184,71 184,74 2102
070917 1302 184,7 184,74 184,68 184,68 898
070917 1303 184,69 184,74 184,6 184,74 12755
070917 1304 184,73 184,73 184,63 184,71 1948
070917 1305 184,68 184,68 184,64 184,68 335
070917 1306 184,64 184,64 184,52 184,57 1481
070917 1307 184,58 184,64 184,53 184,53 665
070917 1308 184,52 184,54 184,41 184,42 6626
070917 1309 184,44 184,46 184,33 184,35 7381
070917 1310 184,35 184,44 184,34 184,39 2236
070917 1311 184,4 184,51 184,35 184,45 10639
070917 1312 184,5 184,6 184,49 184,56 1619
070917 1313 184,6 184,6 184,54 184,54 340
070917 1314 184,54 184,54 184,52 184,52 218
070917 1315 184,53 184,64 184,52 184,6 1485
070917 1316 184,61 184,63 184,57 184,57 205
070917 1317 184,57 184,58 184,53 184,58 590
070917 1318 184,59 184,6 184,51 184,51 325
070917 1319 184,51 184,53 184,48 184,5 253
070917 1320 184,47 184,48 184,41 184,43 1164
070917 1321 184,46 184,6 184,46 184,6 4324
070917 1322 184,6 184,75 184,6 184,71 21664
070917 1323 184,71 184,74 184,65 184,67 4881
070917 1324 184,67 184,67 184,61 184,62 1780
070917 1325 184,62 184,67 184,61 184,67 1509
070917 1326 184,69 184,71 184,69 184,71 311
070917 1327 184,73 184,73 184,66 184,67 839
070917 1328 184,7 184,78 184,7 184,78 1404
070917 1329 184,78 184,8 184,7 184,79 4133
070917 1330 184,79 184,79 184,68 184,68 1047
070917 1331 184,68 184,68 184,65 184,65 340
070917 1332 184,68 184,73 184,68 184,73 1466
070917 1333 184,69 184,69 184,64 184,67 769
070917 1334 184,65 184,71 184,64 184,71 519
070917 1335 184,68 184,68 184,61 184,61 915
070917 1336 184,61 184,67 184,59 184,61 2949
070917 1337 184,61 184,65 184,61 184,64 3223
070917 1338 184,61 184,67 184,61 184,63 639
070917 1339 184,63 184,63 184,54 184,56 3927
070917 1340 184,59 184,67 184,59 184,65 458
070917 1341 184,62 184,64 184,53 184,6 2322
070917 1342 184,59 184,71 184,59 184,66 2909
070917 1343 184,71 184,85 184,7 184,85 12895
070917 1344 184,85 184,85 184,75 184,85 7804
070917 1345 184,85 184,85 184,82 184,83 9792
070917 1346 184,84 184,84 184,77 184,82 3843
070917 1347 184,78 184,82 184,77 184,82 793
070917 1348 184,8 184,81 184,8 184,8 1180
070917 1349 184,79 184,85 184,79 184,85 2412
070917 1350 184,85 184,85 184,83 184,85 809
070917 1351 184,85 184,85 184,83 184,83 261
070917 1352 184,83 184,99 184,82 184,96 26278
070917 1353 184,97 185,15 184,95 185,15 94643
070917 1354 185,15 185,15 185,08 185,13 5845
070917 1355 185,13 185,15 185,02 185,07 10085
070917 1356 185,07 185,25 185 185,24 52862
070917 1357 185,24 185,25 185,2 185,22 8078
070917 1358 185,21 185,25 185,2 185,23 8849
070917 1359 185,24 185,24 185,2 185,22 11161
070917 1400 185,22 185,25 185,2 185,25 13411
070917 1401 185,24 185,25 185,2 185,21 1601
070917 1402 185,22 185,22 185,11 185,13 9126
070917 1403 185,12 185,13 185,05 185,08 1266
070917 1404 185,07 185,07 184,91 185,07 9923
070917 1405 185,06 185,23 185,06 185,2 10862
070917 1406 185,18 185,2 185,08 185,1 7267
070917 1407 185,1 185,1 185,07 185,1 2877
070917 1408 185,09 185,1 185,06 185,1 4431
070917 1409 185,1 185,1 185,05 185,1 4228
070917 1410 185,1 185,1 185,06 185,1 3143
070917 1411 185,1 185,1 185,04 185,04 700
070917 1412 185,08 185,1 184,9 184,91 9999
070917 1413 184,96 185,09 184,96 184,98 3148
070917 1414 185 185,04 184,98 185,02 3468
070917 1415 185,01 185,02 184,93 184,99 11041
070917 1416 184,98 184,99 184,91 184,94 6552
070917 1417 184,95 184,95 184,93 184,93 56
070917 1418 184,95 184,97 184,9 184,9 4762
070917 1419 184,89 184,89 184,8 184,8 14311
070917 1420 184,83 184,85 184,82 184,84 16469
070917 1421 184,83 184,96 184,83 184,9 5464
070917 1422 184,93 184,94 184,92 184,92 1270
070917 1423 184,92 184,92 184,85 184,85 3029
070917 1424 184,86 184,86 184,84 184,85 215
070917 1425 184,85 184,85 184,79 184,84 9121
070917 1426 184,8 184,84 184,67 184,69 7257
070917 1427 184,72 184,78 184,7 184,71 2885
070917 1428 184,72 184,78 184,68 184,68 4737
070917 1429 184,71 184,78 184,71 184,75 5589
070917 1430 184,73 184,77 184,71 184,76 2039
070917 1431 184,73 184,77 184,73 184,77 2208
070917 1432 184,78 184,81 184,78 184,81 2709
070917 1433 184,81 184,83 184,78 184,8 13632
070917 1434 184,8 184,82 184,78 184,82 4346
070917 1435 184,81 185 184,81 185 24515
070917 1436 184,99 185 184,96 184,99 11149
070917 1437 184,99 185,1 184,97 185,07 5443
070917 1438 185,09 185,24 185,03 185,22 18034
070917 1439 185,22 185,22 185,15 185,18 5461
070917 1440 185,16 185,17 185,1 185,13 1906
070917 1441 185,15 185,15 185,12 185,15 2248
070917 1442 185,12 185,13 185,06 185,12 2040
070917 1443 185,11 185,12 185,06 185,06 1987
070917 1444 185,06 185,09 185,01 185,09 4466
070917 1445 185,08 185,13 185,06 185,06 2429
070917 1446 185,06 185,1 185,06 185,07 1818
070917 1447 185,1 185,14 184,94 184,98 11234
070917 1448 184,98 185,03 184,91 184,92 5452
070917 1449 184,92 184,98 184,9 184,98 9643
070917 1450 184,97 185,01 184,9 184,97 5399
070917 1451 184,92 185,04 184,89 185,04 4586
070917 1452 185 185,04 184,96 185,03 436
070917 1453 185 185,05 185 185,02 1027
070917 1454 185,01 185,09 184,98 185,02 3278
070917 1455 184,99 185,04 184,97 185,04 472
070917 1456 185,04 185,08 184,98 185,08 2829
070917 1457 185,07 185,09 185,07 185,09 1924
070917 1458 185,09 185,15 185,08 185,12 8227
070917 1459 185,14 185,16 185,12 185,16 2842
070917 1500 185,16 185,18 185,1 185,14 2985
070917 1501 185,16 185,16 185,03 185,04 2111
070917 1502 185,08 185,08 185,02 185,03 1327
070917 1503 185,08 185,12 185,03 185,12 4011
070917 1504 185,09 185,16 185,02 185,07 3038
070917 1505 185,08 185,08 184,96 185,01 5737
070917 1506 185,01 185,02 185 185 790
070917 1507 185 185,02 184,93 184,94 3027
070917 1508 184,97 184,99 184,93 184,93 423
070917 1509 184,97 184,99 184,96 184,99 1137
070917 1510 184,98 185 184,94 185 1754
070917 1511 185 185,07 185 185,04 1910
070917 1512 185,06 185,08 185 185 2851
070917 1513 185 185,04 185 185,03 3659
070917 1514 185 185 184,91 184,95 5896
070917 1515 184,92 184,95 184,8 184,93 4106
070917 1516 184,86 185,05 184,86 185 35226
070917 1517 185 185 184,84 184,84 4877
070917 1518 184,83 184,88 184,72 184,75 10932
070917 1519 184,74 184,77 184,72 184,72 1608
070917 1520 184,72 184,73 184,57 184,57 11233
070917 1521 184,57 184,79 184,57 184,75 3505
070917 1522 184,75 184,85 184,75 184,83 8091
070917 1523 184,83 184,85 184,81 184,81 353
070917 1524 184,84 184,85 184,76 184,76 2727
070917 1525 184,77 184,8 184,77 184,8 2839
070917 1526 184,83 184,83 184,79 184,79 762
070917 1527 184,82 184,83 184,78 184,82 1473
070917 1528 184,83 184,83 184,8 184,81 1299
070917 1529 184,79 184,79 184,67 184,68 3173
070917 1530 184,7 184,76 184,67 184,76 894
070917 1531 184,7 184,84 184,7 184,8 3728
070917 1532 184,84 184,93 184,73 184,73 13910
070917 1533 184,75 184,79 184,7 184,79 10200
070917 1534 184,73 184,83 184,7 184,79 4394
070917 1535 184,78 184,83 184,75 184,83 1939
070917 1536 184,82 184,86 184,8 184,8 6296
070917 1537 184,8 184,8 184,75 184,8 11636
070917 1538 184,8 184,96 184,8 184,93 8601
070917 1539 184,93 184,96 184,89 184,92 1295
070917 1540 184,9 184,92 184,89 184,9 2459
070917 1541 184,93 184,93 184,89 184,89 1947
070917 1542 184,87 184,89 184,86 184,89 9321
070917 1543 184,88 184,92 184,88 184,92 4873
070917 1544 184,88 184,88 184,86 184,88 1532
070917 1545 184,91 184,92 184,87 184,87 1864
070917 1546 184,9 184,9 184,87 184,9 797
070917 1547 184,88 184,88 184,87 184,87 1050
070917 1548 184,87 184,92 184,87 184,9 2746
070917 1549 184,88 184,88 184,86 184,88 1389
070917 1550 184,86 184,92 184,86 184,92 6765
070917 1551 184,91 184,99 184,91 184,99 3654
070917 1552 184,98 185 184,97 184,99 5926
070917 1553 184,98 184,98 184,97 184,97 824
070917 1554 184,98 185 184,98 185 3129
070917 1555 184,99 185,14 184,99 185,05 6195
070917 1556 185,02 185,09 185 185 3154
070917 1557 185,02 185,04 184,95 185,03 2414
070917 1558 185,01 185,01 184,86 184,91 4969
070917 1559 184,92 184,92 184,86 184,87 1077
070917 1600 184,89 184,92 184,87 184,87 2853
070917 1601 184,87 184,92 184,86 184,86 10343
070917 1602 184,89 184,97 184,77 184,77 5444
070917 1603 184,8 184,81 184,76 184,77 1917
070917 1604 184,79 184,79 184,75 184,75 1246
070917 1605 184,75 184,75 184,69 184,72 4302
070917 1606 184,72 184,75 184,69 184,69 5424
070917 1607 184,69 184,77 184,63 184,63 8114
070917 1608 184,62 184,62 184,4 184,4 27046
070917 1609 184,41 184,61 184,4 184,6 6007
070917 1610 184,6 184,76 184,53 184,68 9520
070917 1611 184,72 184,78 184,63 184,78 3077
070917 1612 184,75 184,75 184,7 184,74 983
070917 1613 184,71 184,73 184,66 184,7 1424
070917 1614 184,72 184,74 184,72 184,73 768
070917 1615 184,74 184,74 184,58 184,69 2702
070917 1616 184,69 184,88 184,68 184,83 4331
070917 1617 184,79 184,79 184,76 184,77 3053
070917 1618 184,75 184,75 184,66 184,66 6881
070917 1619 184,73 184,73 184,63 184,63 852
070917 1620 184,63 184,79 184,63 184,74 2103
070917 1621 184,73 184,74 184,7 184,7 1426
070917 1622 184,67 184,78 184,67 184,75 2016
070917 1623 184,74 184,74 184,73 184,73 1668
070917 1624 184,75 184,75 184,72 184,72 856
070917 1625 184,72 184,74 184,72 184,74 1315
070917 1626 184,69 184,72 184,65 184,67 692
070917 1627 184,68 184,7 184,65 184,7 2322
070917 1628 184,71 184,77 184,7 184,73 1428
070917 1629 184,74 184,78 184,74 184,74 9812
070917 1630 184,73 184,75 184,66 184,72 18129
070917 1631 184,73 184,82 184,66 184,68 12522
070917 1632 184,7 184,84 184,67 184,81 10010
070917 1633 184,8 184,9 184,8 184,81 4399
070917 1634 184,8 184,82 184,8 184,81 5873
070917 1635 184,8 184,81 184,74 184,79 10405
070917 1636 184,75 184,75 184,74 184,74 591
070917 1637 184,75 184,76 184,75 184,75 1229
070917 1638 184,75 184,83 184,75 184,83 610
070917 1639 184,8 184,8 184,78 184,79 1054
070917 1640 184,8 184,81 184,79 184,79 3137
070917 1641 184,79 184,81 184,79 184,79 926
070917 1642 184,8 184,83 184,8 184,8 2551
070917 1643 184,8 184,9 184,8 184,85 4087
070917 1644 184,89 184,9 184,86 184,87 671
070917 1645 184,89 184,97 184,89 184,96 4782
070917 1646 184,96 184,97 184,87 184,88 5023
070917 1647 184,9 184,9 184,87 184,87 917
070917 1648 184,87 184,88 184,87 184,87 1969
070917 1649 184,88 184,89 184,87 184,88 3283
070917 1650 184,9 184,93 184,83 184,83 6853
070917 1651 184,82 184,88 184,8 184,8 2541
070917 1652 184,79 184,88 184,78 184,88 1501
070917 1653 184,88 184,88 184,82 184,83 222
070917 1654 184,83 184,83 184,76 184,81 2672
070917 1655 184,82 184,82 184,8 184,8 1986
070917 1656 184,8 184,82 184,8 184,8 4786
070917 1657 184,8 184,81 184,8 184,8 5675
070917 1658 184,8 184,8 184,76 184,78 3348
070917 1659 184,78 184,8 184,63 184,68 14416
070917 1700 184,66 184,72 184,63 184,69 13506
070917 1701 184,68 184,73 184,68 184,7 2566
070917 1702 184,7 184,72 184,59 184,61 14874
070917 1703 184,61 184,64 184,5 184,53 27735
070917 1704 184,54 184,67 184,5 184,57 36945
070917 1705 184,6 184,64 184,35 184,42 41642
070917 1706 184,41 184,44 184,21 184,21 29419
070917 1707 184,22 184,26 184,16 184,16 34552
070917 1708 184,2 184,22 184,12 184,17 24810
070917 1709 184,17 184,27 184,15 184,25 7915
070917 1710 184,27 184,38 184,22 184,24 8332
070917 1711 184,25 184,32 184,25 184,29 33753
070917 1712 184,3 184,31 184,25 184,31 6456
070917 1713 184,3 184,3 184,12 184,15 29810
070917 1714 184,21 184,25 184,14 184,2 13543
070917 1715 184,19 184,21 184,02 184,08 50426
070917 1716 184,09 184,14 183,75 184,02 37159
070917 1717 183,97 184,08 183,82 184 18174
070917 1718 184 184 183,86 183,91 3183
070917 1719 183,92 183,98 183,87 183,92 3633
070917 1720 183,87 183,95 183,8 183,95 7662
070917 1721 183,95 183,99 183,87 183,98 6099
070917 1722 183,98 184,21 183,98 184,1 14865
070917 1723 184,1 184,1 183,95 184,1 6149
070917 1724 184,08 184,13 184 184,08 3787
070917 1725 184,05 184,07 183,75 184 46190
070917 1726 183,98 183,98 183,85 183,92 7426
070917 1727 183,89 183,96 183,81 183,92 9543
070917 1728 183,92 183,96 183,92 183,95 2792
070917 1729 183,95 184 183,92 184 7333
070917 1730 184 184,03 183,6 183,6 80241
070917 1731 183,68 183,72 183,6 183,68 16315
070917 1732 183,68 183,8 183,62 183,78 14618
070917 1733 183,8 183,84 183,6 183,68 21432
070917 1734 183,66 183,67 183,6 183,66 5388
070917 1735 183,67 183,7 183,6 183,67 9389
070917 1736 183,67 183,72 183,65 183,72 1774
070917 1737 183,72 183,8 183,69 183,8 3173
070917 1738 183,78 183,86 183,76 183,86 1417
070917 1739 183,86 184,19 183,84 183,95 39178
070917 1740 183,95 183,96 183,85 183,87 6546
070917 1741 183,87 183,89 183,82 183,84 6550
070917 1742 183,87 183,87 183,82 183,83 1948
070917 1743 183,82 183,83 183,77 183,83 3246
070917 1744 183,84 183,85 183,71 183,72 6280
070917 1745 183,73 183,79 183,6 183,7 32750
070917 1746 183,7 183,7 183,63 183,66 14562
070917 1747 183,66 183,78 183,65 183,67 13228
070917 1748 183,66 183,7 183,65 183,66 13835
070917 1749 183,67 183,7 183,65 183,66 2238
070917 1750 183,67 183,7 183,66 183,67 2192
070917 1751 183,68 183,7 183,67 183,69 3718
070917 1752 183,7 183,71 183,69 183,69 7163
070917 1753 183,69 183,71 183,69 183,7 16986
070917 1754 183,69 183,7 183,65 183,7 9561
070917 1755 183,67 183,7 183,66 183,69 1684
070917 1756 183,66 183,69 183,51 183,56 28558
070917 1757 183,58 183,66 183,54 183,62 3534
070917 1758 183,62 183,69 183,61 183,66 1412
070917 1759 183,67 183,69 183,61 183,68 6466
070917 1800 183,67 183,71 183,62 183,68 18608
070917 1801 183,68 183,98 183,61 183,93 59165
070917 1802 183,92 184,15 183,83 184 30378
070917 1803 184,02 184,23 184 184,22 17714
070917 1804 184,22 184,28 184 184,11 21478
070917 1805 184,06 184,24 184,06 184,24 4783
070917 1806 184,23 184,23 184,1 184,1 2922
070917 1807 184,1 184,13 183,99 184 3228
070917 1808 184,01 184,08 183,9 183,9 3667
070917 1809 183,9 184 183,9 183,95 2060
070917 1810 183,96 184,07 183,75 183,75 55122
070917 1811 183,76 183,87 183,76 183,81 1662
070917 1812 183,81 183,91 183,81 183,85 1960
070917 1813 183,86 183,91 183,67 183,68 50144
070917 1814 183,69 183,79 183,68 183,72 1937
070917 1815 183,72 183,78 183,72 183,74 1954
070917 1816 183,75 183,88 183,66 183,78 64409
070917 1817 183,78 183,94 183,77 183,91 5258
070917 1818 183,91 183,93 183,79 183,88 8234
070917 1819 183,87 183,88 183,86 183,88 6373
070917 1820 183,88 184 183,88 183,98 10990
070917 1821 183,99 184 183,97 183,99 10041
070917 1822 184 184,12 183,98 183,99 15835
070917 1823 183,99 184,03 183,86 184 7246
070917 1824 183,99 184,04 183,88 183,94 14070
070917 1825 183,94 183,95 183,85 183,88 16317
070917 1826 183,9 183,9 183,88 183,89 15483
070917 1827 183,9 183,9 183,8 183,85 17935
070917 1828 183,85 183,89 183,73 183,78 11215
070917 1829 183,79 183,8 183,72 183,73 21276
070917 1830 183,74 183,77 183,66 183,69 23774
070917 1831 183,72 183,78 183,69 183,75 6502
070917 1832 183,73 183,78 183,68 183,78 7884
070917 1833 183,76 183,8 183,76 183,78 32578
070917 1834 183,8 183,8 183,77 183,77 16103
070917 1835 183,78 183,8 183,72 183,76 16373
070917 1836 183,76 183,8 183,76 183,79 25542
070917 1837 183,78 183,9 183,72 183,87 16288
070917 1838 183,9 184,34 183,87 184,34 55475
070917 1839 184,32 184,58 184,3 184,51 48754
070917 1845 184 184 184 184 115958
070917 1846 184 184 184 184 603
070917 1847 184 184 184 184 5728
070917 1848 184 184 184 184 12
070917 1849 184 184 184 184 3
