080917 0959 184,1 184,1 184,1 184,1 2012
080917 1000 184,1 184,16 183,77 183,88 25924
080917 1001 183,96 184,5 183,77 184,39 28345
080917 1002 184,43 184,55 184,19 184,23 14568
080917 1003 184,29 184,5 184,29 184,35 7522
080917 1004 184,35 184,64 184,35 184,6 15888
080917 1005 184,65 184,77 184,44 184,64 51140
080917 1006 184,65 184,8 184,61 184,8 12377
080917 1007 184,77 184,8 184,55 184,66 20746
080917 1008 184,68 184,9 184,66 184,87 14788
080917 1009 184,87 185 184,7 184,85 62909
080917 1010 184,85 184,9 184,65 184,76 31508
080917 1011 184,75 184,8 184,57 184,7 28615
080917 1012 184,7 184,7 184,57 184,65 7538
080917 1013 184,65 184,7 184,64 184,7 5960
080917 1014 184,7 184,9 184,7 184,89 9199
080917 1015 184,89 184,9 184,7 184,73 8913
080917 1016 184,75 184,8 184,56 184,56 7406
080917 1017 184,56 184,63 184,51 184,56 10798
080917 1018 184,57 184,68 184,56 184,57 7379
080917 1019 184,57 184,71 184,56 184,56 19541
080917 1020 184,56 184,65 184,56 184,61 19507
080917 1021 184,61 184,61 184,59 184,6 4403
080917 1022 184,6 184,75 184,6 184,66 8506
080917 1023 184,65 184,65 184,5 184,51 12606
080917 1024 184,5 184,52 184,5 184,5 5626
080917 1025 184,5 184,51 184,32 184,41 17584
080917 1026 184,41 184,45 184,31 184,44 9190
080917 1027 184,4 184,51 184,4 184,51 10013
080917 1028 184,48 184,51 184,35 184,5 13545
080917 1029 184,5 184,5 184,43 184,45 5667
080917 1030 184,44 184,49 184,35 184,47 13782
080917 1031 184,49 184,68 184,46 184,63 14429
080917 1032 184,67 184,68 184,65 184,67 7845
080917 1033 184,67 184,68 184,55 184,66 22868
080917 1034 184,65 184,68 184,55 184,66 11202
080917 1035 184,65 184,7 184,55 184,67 26147
080917 1036 184,65 184,7 184,58 184,61 18838
080917 1037 184,59 184,69 184,59 184,68 7401
080917 1038 184,67 184,67 184,59 184,6 5830
080917 1039 184,59 184,7 184,59 184,63 8265
080917 1040 184,61 184,64 184,6 184,6 4719
080917 1041 184,6 184,63 184,55 184,57 7161
080917 1042 184,57 184,58 184,45 184,49 34968
080917 1043 184,48 184,48 184,36 184,44 25415
080917 1044 184,44 184,48 184,4 184,41 6505
080917 1045 184,42 184,46 184,41 184,42 4049
080917 1046 184,45 184,54 184,42 184,49 7290
080917 1047 184,51 184,51 184,46 184,47 1722
080917 1048 184,46 184,49 184,45 184,49 4069
080917 1049 184,47 184,51 184,47 184,5 3600
080917 1050 184,5 184,53 184,5 184,53 4060
080917 1051 184,54 184,54 184,53 184,54 3819
080917 1052 184,53 184,54 184,53 184,54 1970
080917 1053 184,53 184,6 184,53 184,6 3168
080917 1054 184,59 184,64 184,59 184,61 1844
080917 1055 184,61 184,7 184,61 184,65 16588
080917 1056 184,63 184,7 184,62 184,65 10354
080917 1057 184,69 184,69 184,62 184,68 7721
080917 1058 184,68 184,7 184,61 184,65 12298
080917 1059 184,64 184,66 184,58 184,65 14647
080917 1100 184,65 184,66 184,53 184,58 23103
080917 1101 184,57 184,65 184,56 184,62 15829
080917 1102 184,62 184,66 184,62 184,66 4078
080917 1103 184,65 184,66 184,65 184,66 2197
080917 1104 184,65 184,7 184,65 184,69 6501
080917 1105 184,69 184,7 184,63 184,65 4883
080917 1106 184,65 184,74 184,65 184,66 11114
080917 1107 184,7 184,71 184,61 184,67 15555
080917 1108 184,68 184,74 184,67 184,7 6450
080917 1109 184,69 184,71 184,58 184,66 11039
080917 1110 184,67 184,82 184,66 184,74 14115
080917 1111 184,74 184,78 184,73 184,78 1864
080917 1112 184,78 184,78 184,75 184,76 2410
080917 1113 184,75 184,79 184,75 184,77 1973
080917 1114 184,76 184,76 184,72 184,74 1535
080917 1115 184,74 184,82 184,71 184,75 5835
080917 1116 184,72 184,78 184,59 184,69 16796
080917 1117 184,68 184,83 184,66 184,8 9723
080917 1118 184,76 184,83 184,73 184,73 6734
080917 1119 184,73 184,78 184,72 184,74 3165
080917 1120 184,72 184,76 184,72 184,76 2031
080917 1121 184,74 184,8 184,62 184,8 14718
080917 1122 184,79 184,8 184,71 184,79 6369
080917 1123 184,79 184,79 184,64 184,67 4530
080917 1124 184,68 184,75 184,67 184,7 2817
080917 1125 184,7 184,71 184,68 184,68 1325
080917 1126 184,67 184,69 184,67 184,69 1734
080917 1127 184,68 184,69 184,64 184,67 2649
080917 1128 184,68 184,7 184,64 184,7 4166
080917 1129 184,7 184,7 184,64 184,68 3567
080917 1130 184,7 184,7 184,53 184,55 6764
080917 1131 184,54 184,6 184,5 184,56 3198
080917 1132 184,6 184,69 184,6 184,64 5267
080917 1133 184,63 184,66 184,05 184,19 87559
080917 1134 184,19 184,38 184,14 184,3 52572
080917 1135 184,29 184,38 184,24 184,32 11435
080917 1136 184,32 184,49 184,16 184,34 55847
080917 1137 184,34 184,37 184,25 184,34 13821
080917 1138 184,35 184,47 184,31 184,39 9878
080917 1139 184,39 184,39 184,3 184,34 11097
080917 1140 184,33 184,36 184,23 184,3 8936
080917 1141 184,3 184,33 184,22 184,24 8692
080917 1142 184,24 184,4 184,12 184,32 18790
080917 1143 184,32 184,49 184,32 184,47 4186
080917 1144 184,46 184,55 184,44 184,47 5401
080917 1145 184,47 184,54 184,47 184,53 1583
080917 1146 184,53 184,6 184,5 184,6 5495
080917 1147 184,59 184,6 184,55 184,59 2406
080917 1148 184,59 184,6 184,39 184,44 11966
080917 1149 184,49 184,5 184,44 184,47 2148
080917 1150 184,47 184,49 184,46 184,49 2341
080917 1151 184,5 184,5 184,43 184,47 3303
080917 1152 184,47 184,55 184,46 184,54 12317
080917 1153 184,49 184,53 184,49 184,52 1449
080917 1154 184,52 184,54 184,48 184,53 6621
080917 1155 184,53 184,53 184,46 184,46 4585
080917 1156 184,48 184,6 184,41 184,56 40789
080917 1157 184,59 184,68 184,45 184,51 26417
080917 1158 184,46 184,46 184,36 184,36 2456
080917 1159 184,36 184,41 184,23 184,26 8475
080917 1200 184,29 184,3 184,18 184,28 5286
080917 1201 184,28 184,3 184,11 184,23 6756
080917 1202 184,24 184,34 184,2 184,22 4011
080917 1203 184,25 184,26 184,2 184,24 7524
080917 1204 184,24 184,26 184,22 184,26 1851
080917 1205 184,21 184,31 184,21 184,31 1333
080917 1206 184,31 184,34 184,26 184,32 5729
080917 1207 184,33 184,42 184,27 184,4 2693
080917 1208 184,38 184,41 184,35 184,39 8140
080917 1209 184,39 184,45 184,38 184,4 11758
080917 1210 184,4 184,5 184,39 184,41 10068
080917 1211 184,41 184,42 184,25 184,36 13129
080917 1212 184,35 184,45 184,32 184,44 2358
080917 1213 184,44 184,51 184,44 184,5 6056
080917 1214 184,47 184,51 184,47 184,5 830
080917 1215 184,49 184,56 184,48 184,56 2089
080917 1216 184,55 184,58 184,49 184,49 5816
080917 1217 184,52 184,54 184,47 184,49 4233
080917 1218 184,48 184,49 184,45 184,49 2077
080917 1219 184,47 184,49 184,45 184,45 2033
080917 1220 184,47 184,49 184,47 184,48 3784
080917 1221 184,48 184,49 184,46 184,49 2466
080917 1222 184,49 184,5 184,44 184,49 2683
080917 1223 184,45 184,46 184,41 184,44 1537
080917 1224 184,45 184,47 184,42 184,47 1472
080917 1225 184,45 184,45 184,4 184,4 1939
080917 1226 184,4 184,47 184,4 184,44 9508
080917 1227 184,4 184,43 184,38 184,4 6739
080917 1228 184,43 184,43 184,37 184,39 7221
080917 1229 184,39 184,39 184,31 184,34 3514
080917 1230 184,35 184,39 184,33 184,33 5022
080917 1231 184,37 184,38 184,35 184,38 2573
080917 1232 184,39 184,39 184,36 184,39 1976
080917 1233 184,39 184,39 184,27 184,28 17391
080917 1234 184,31 184,31 184,25 184,26 5956
080917 1235 184,26 184,27 184,16 184,19 7033
080917 1236 184,22 184,22 184,16 184,22 5011
080917 1237 184,2 184,22 184,2 184,22 6658
080917 1238 184,22 184,22 184,2 184,2 3489
080917 1239 184,21 184,27 184,2 184,23 8318
080917 1240 184,24 184,27 184,22 184,25 4753
080917 1241 184,27 184,29 184,26 184,29 3445
080917 1242 184,29 184,29 184,26 184,27 2866
080917 1243 184,26 184,27 184,26 184,26 1379
080917 1244 184,26 184,27 184,22 184,23 2137
080917 1245 184,27 184,27 184,2 184,21 4217
080917 1246 184,24 184,27 184,23 184,27 3024
080917 1247 184,27 184,27 184,26 184,27 6496
080917 1248 184,27 184,29 184,22 184,23 3378
080917 1249 184,22 184,3 184,18 184,3 10499
080917 1250 184,27 184,31 184,26 184,28 1674
080917 1251 184,31 184,35 184,29 184,35 4440
080917 1252 184,35 184,36 184,25 184,28 3340
080917 1253 184,3 184,36 184,29 184,36 1109
080917 1254 184,36 184,38 184,29 184,31 5346
080917 1255 184,31 184,33 184,27 184,33 3143
080917 1256 184,33 184,33 184,29 184,33 2827
080917 1257 184,33 184,33 184,3 184,33 1653
080917 1258 184,33 184,33 184,26 184,26 1510
080917 1259 184,27 184,32 184,26 184,26 1130
080917 1300 184,29 184,29 184,2 184,2 2653
080917 1301 184,22 184,24 184,14 184,19 13905
080917 1302 184,19 184,2 184,15 184,18 2318
080917 1303 184,17 184,2 184,15 184,16 3320
080917 1304 184,16 184,21 184,15 184,16 17509
080917 1305 184,15 184,15 183,89 183,97 41820
080917 1306 183,98 184,11 183,97 184,05 7834
080917 1307 184,07 184,11 184,07 184,08 2219
080917 1308 184,07 184,21 184,07 184,2 10078
080917 1309 184,2 184,2 184,17 184,2 637
080917 1310 184,21 184,22 184,16 184,16 2804
080917 1311 184,21 184,21 184,17 184,17 5304
080917 1312 184,18 184,21 184,17 184,21 1398
080917 1313 184,22 184,31 184,22 184,31 4073
080917 1314 184,3 184,33 184,3 184,33 1246
080917 1315 184,32 184,33 184,3 184,3 3459
080917 1316 184,3 184,42 184,3 184,4 10303
080917 1317 184,4 184,43 184,34 184,39 2872
080917 1318 184,4 184,4 184,35 184,35 747
080917 1319 184,35 184,42 184,35 184,42 1800
080917 1320 184,43 184,47 184,43 184,46 3002
080917 1321 184,46 184,48 184,43 184,47 1604
080917 1322 184,47 184,48 184,42 184,43 1711
080917 1323 184,44 184,44 184,35 184,35 1192
080917 1324 184,35 184,37 184,32 184,37 1189
080917 1325 184,34 184,36 184,33 184,34 692
080917 1326 184,34 184,34 184,3 184,3 954
080917 1327 184,31 184,35 184,3 184,35 2395
080917 1328 184,36 184,44 184,36 184,44 6785
080917 1329 184,44 184,46 184,4 184,45 1792
080917 1330 184,46 184,48 184,45 184,47 3695
080917 1331 184,48 184,49 184,45 184,45 5482
080917 1332 184,45 184,47 184,4 184,45 1023
080917 1333 184,44 184,45 184,41 184,45 1358
080917 1334 184,44 184,48 184,44 184,47 1008
080917 1335 184,45 184,48 184,43 184,43 1440
080917 1336 184,44 184,48 184,43 184,45 6422
080917 1337 184,45 184,64 184,45 184,55 24150
080917 1338 184,55 184,57 184,55 184,56 1959
080917 1339 184,56 184,58 184,56 184,57 4957
080917 1340 184,57 184,59 184,55 184,57 13271
080917 1341 184,56 184,57 184,56 184,57 1743
080917 1342 184,57 184,59 184,56 184,57 1606
080917 1343 184,57 184,66 184,57 184,65 7733
080917 1344 184,65 184,7 184,62 184,63 12543
080917 1345 184,63 184,71 184,57 184,6 38376
080917 1346 184,59 184,59 184,36 184,41 6498
080917 1347 184,41 184,5 184,41 184,46 7148
080917 1348 184,45 184,45 184,32 184,36 3784
080917 1349 184,34 184,38 184,3 184,33 2472
080917 1350 184,34 184,4 184,34 184,4 13701
080917 1351 184,39 184,4 184,39 184,39 1054
080917 1352 184,4 184,4 184,38 184,38 680
080917 1353 184,38 184,39 184,38 184,39 1104
080917 1354 184,38 184,39 184,31 184,36 2197
080917 1355 184,37 184,4 184,36 184,39 2989
080917 1356 184,39 184,4 184,33 184,4 2988
080917 1357 184,4 184,4 184,36 184,36 876
080917 1358 184,39 184,4 184,35 184,38 926
080917 1359 184,39 184,4 184,35 184,38 1091
080917 1400 184,38 184,4 184,35 184,4 4766
080917 1401 184,4 184,4 184,4 184,4 631
080917 1402 184,39 184,4 184,39 184,4 240
080917 1403 184,38 184,4 184,38 184,39 1142
080917 1404 184,39 184,4 184,39 184,39 1398
080917 1405 184,38 184,39 184,34 184,39 4364
080917 1406 184,35 184,4 184,35 184,4 15103
080917 1407 184,39 184,4 184,37 184,4 5134
080917 1408 184,39 184,4 184,33 184,36 7529
080917 1409 184,37 184,4 184,3 184,39 6674
080917 1410 184,39 184,49 184,39 184,49 3935
080917 1411 184,45 184,49 184,45 184,46 1794
080917 1412 184,46 184,49 184,46 184,49 1255
080917 1413 184,49 184,49 184,46 184,49 1697
080917 1414 184,49 184,49 184,49 184,49 2091
080917 1415 184,49 184,5 184,48 184,49 1292
080917 1416 184,49 184,5 184,48 184,49 1063
080917 1417 184,49 184,5 184,48 184,5 2251
080917 1418 184,5 184,5 184,49 184,5 2235
080917 1419 184,48 184,5 184,48 184,49 7214
080917 1420 184,5 184,5 184,48 184,49 2602
080917 1421 184,5 184,5 184,48 184,48 985
080917 1422 184,48 184,5 184,48 184,49 2597
080917 1423 184,49 184,5 184,47 184,49 1166
080917 1424 184,49 184,5 184,47 184,47 4023
080917 1425 184,49 184,5 184,42 184,49 3239
080917 1426 184,5 184,5 184,47 184,5 493
080917 1427 184,49 184,54 184,49 184,5 21004
080917 1428 184,5 184,6 184,49 184,58 5491
080917 1429 184,56 184,59 184,55 184,59 520
080917 1430 184,57 184,6 184,57 184,58 3635
080917 1431 184,6 184,6 184,52 184,54 3589
080917 1432 184,54 184,59 184,54 184,55 875
080917 1433 184,56 184,56 184,46 184,46 3994
080917 1434 184,46 184,52 184,45 184,45 1469
080917 1435 184,45 184,59 184,42 184,58 1650
080917 1436 184,56 184,58 184,47 184,54 1481
080917 1437 184,5 184,59 184,5 184,55 5389
080917 1438 184,54 184,59 184,51 184,59 3003
080917 1439 184,59 184,6 184,53 184,59 34350
080917 1440 184,6 184,7 184,54 184,68 21136
080917 1441 184,68 184,68 184,6 184,66 5626
080917 1442 184,66 184,73 184,65 184,73 22372
080917 1443 184,73 184,73 184,7 184,73 7412
080917 1444 184,73 184,73 184,7 184,72 1987
080917 1445 184,71 184,73 184,71 184,73 4762
080917 1446 184,73 184,73 184,65 184,72 5888
080917 1447 184,72 184,72 184,67 184,7 3445
080917 1448 184,67 184,71 184,67 184,71 3086
080917 1449 184,7 184,71 184,7 184,7 1112
080917 1450 184,7 184,73 184,7 184,72 1474
080917 1451 184,72 184,73 184,72 184,73 4179
080917 1452 184,73 184,73 184,7 184,7 5686
080917 1453 184,73 184,77 184,73 184,77 15798
080917 1454 184,77 184,77 184,7 184,74 5418
080917 1455 184,74 184,75 184,7 184,75 3034
080917 1456 184,71 184,75 184,61 184,65 5062
080917 1457 184,64 184,65 184,6 184,61 3812
080917 1458 184,61 184,65 184,61 184,65 2102
080917 1459 184,65 184,65 184,63 184,65 2740
080917 1500 184,64 184,65 184,6 184,62 1895
080917 1501 184,63 184,64 184,61 184,64 2527
080917 1502 184,64 184,65 184,6 184,61 7508
080917 1503 184,62 184,65 184,6 184,61 3494
080917 1504 184,6 184,65 184,43 184,55 21722
080917 1505 184,55 184,58 184,53 184,56 2265
080917 1506 184,57 184,59 184,51 184,55 1990
080917 1507 184,55 184,55 184,52 184,54 602
080917 1508 184,53 184,57 184,53 184,55 831
080917 1509 184,56 184,68 184,55 184,66 2209
080917 1510 184,66 184,68 184,57 184,6 2878
080917 1511 184,6 184,6 184,58 184,58 696
080917 1512 184,59 184,6 184,58 184,6 3784
080917 1513 184,6 184,6 184,6 184,6 2051
080917 1514 184,58 184,6 184,58 184,6 3299
080917 1515 184,59 184,6 184,58 184,59 2006
080917 1516 184,6 184,6 184,59 184,59 4614
080917 1517 184,59 184,6 184,58 184,6 9578
080917 1518 184,6 184,6 184,58 184,6 1380
080917 1519 184,6 184,6 184,58 184,6 2273
080917 1520 184,59 184,6 184,57 184,6 866
080917 1521 184,6 184,6 184,55 184,55 2384
080917 1522 184,55 184,6 184,55 184,6 1609
080917 1523 184,6 184,6 184,56 184,6 1774
080917 1524 184,58 184,6 184,57 184,6 1134
080917 1525 184,57 184,6 184,57 184,58 1607
080917 1526 184,6 184,6 184,57 184,59 1210
080917 1527 184,6 184,6 184,57 184,6 3189
080917 1528 184,59 184,6 184,54 184,54 2201
080917 1529 184,57 184,57 184,55 184,57 1262
080917 1530 184,58 184,6 184,57 184,59 2596
080917 1531 184,6 184,6 184,55 184,59 5600
080917 1532 184,58 184,6 184,58 184,58 2908
080917 1533 184,58 184,6 184,58 184,6 1145
080917 1534 184,58 184,6 184,51 184,53 4150
080917 1535 184,54 184,61 184,53 184,61 3591
080917 1536 184,6 184,61 184,59 184,61 3600
080917 1537 184,61 184,61 184,58 184,6 3467
080917 1538 184,58 184,61 184,56 184,59 3713
080917 1539 184,6 184,61 184,58 184,6 1934
080917 1540 184,59 184,61 184,59 184,59 1570
080917 1541 184,61 184,61 184,59 184,61 4061
080917 1542 184,6 184,61 184,59 184,6 8782
080917 1543 184,59 184,61 184,55 184,6 8501
080917 1544 184,6 184,61 184,52 184,58 13067
080917 1545 184,57 184,58 184,55 184,58 1677
080917 1546 184,59 184,61 184,56 184,6 2183
080917 1547 184,6 184,61 184,58 184,59 10947
080917 1548 184,59 184,6 184,57 184,6 3127
080917 1549 184,6 184,6 184,57 184,58 943
080917 1550 184,61 184,61 184,59 184,61 1818
080917 1551 184,6 184,6 184,58 184,59 2042
080917 1552 184,61 184,61 184,57 184,59 6744
080917 1553 184,59 184,69 184,58 184,64 5213
080917 1554 184,63 184,8 184,63 184,79 7068
080917 1555 184,78 184,86 184,78 184,85 9210
080917 1556 184,86 184,96 184,85 184,94 25054
080917 1557 184,94 185,14 184,9 185,05 102922
080917 1558 185,05 185,05 184,84 184,98 21917
080917 1559 184,98 184,98 184,95 184,98 2217
080917 1600 184,98 185,1 184,96 185,1 14260
080917 1601 185,1 185,18 185,07 185,16 34040
080917 1602 185,11 185,2 185,11 185,2 124409
080917 1603 185,2 185,5 185,18 185,47 215539
080917 1604 185,47 185,8 185,43 185,77 57106
080917 1605 185,8 186,6 185,8 186,17 114438
080917 1606 186,12 186,46 186,11 186,43 31646
080917 1607 186,43 186,79 186,4 186,7 59457
080917 1608 186,7 186,71 186,53 186,69 41587
080917 1609 186,71 187,08 186,68 186,94 76559
080917 1610 186,94 187,17 186,94 186,98 89430
080917 1611 187 187 186,71 186,76 29166
080917 1612 186,76 186,8 186,61 186,71 39764
080917 1613 186,71 186,95 186,71 186,9 34972
080917 1614 186,93 187,19 186,87 187,1 58770
080917 1615 187,1 187,42 187,1 187,42 68857
080917 1616 187,41 187,43 187,11 187,11 57761
080917 1617 187,11 187,17 187,01 187,09 33216
080917 1618 187,04 187,09 186,84 186,9 29171
080917 1619 186,86 187 186,86 186,91 11249
080917 1620 186,94 186,99 186,93 186,98 9628
080917 1621 186,98 186,98 186,86 186,88 12863
080917 1622 186,86 186,96 186,74 186,87 9230
080917 1623 186,87 186,92 186,72 186,84 5041
080917 1624 186,79 186,83 186,55 186,56 39731
080917 1625 186,55 186,75 186,55 186,61 28096
080917 1626 186,61 186,69 186,59 186,65 9781
080917 1627 186,65 186,65 186,27 186,48 32508
080917 1628 186,48 186,58 186,4 186,49 37626
080917 1629 186,49 186,5 186,41 186,46 9598
080917 1630 186,46 186,5 186,36 186,39 16658
080917 1631 186,39 186,4 186,32 186,38 10693
080917 1632 186,39 186,4 186,32 186,39 11426
080917 1633 186,34 186,47 186,27 186,38 22297
080917 1634 186,38 186,5 186,37 186,48 47078
080917 1635 186,48 186,9 186,48 186,76 27954
080917 1636 186,76 186,76 186,55 186,55 2290
080917 1637 186,55 186,55 186,45 186,47 2415
080917 1638 186,47 186,52 186,43 186,5 3183
080917 1639 186,5 186,5 186,1 186,2 16795
080917 1640 186,2 186,25 186,11 186,15 11168
080917 1641 186,13 186,25 186,13 186,25 8911
080917 1642 186,25 186,36 186,23 186,36 8313
080917 1643 186,36 186,48 186,36 186,44 2192
080917 1644 186,44 186,44 186,25 186,27 5084
080917 1645 186,25 186,34 186,18 186,33 10309
080917 1646 186,33 186,64 186,29 186,61 13827
080917 1647 186,63 186,63 186,42 186,45 4179
080917 1648 186,45 186,45 186,32 186,32 5254
080917 1649 186,31 186,39 186,24 186,35 7187
080917 1650 186,34 186,52 186,33 186,52 5836
080917 1651 186,53 186,59 186,46 186,58 11575
080917 1652 186,55 186,8 186,55 186,78 61166
080917 1653 186,78 186,97 186,69 186,96 89483
080917 1654 186,96 187,06 186,5 186,62 115767
080917 1655 186,62 186,73 186,62 186,64 16022
080917 1656 186,64 187 186,64 186,88 28954
080917 1657 186,92 187,07 186,86 187,02 29708
080917 1658 187,01 187,1 186,83 186,93 20868
080917 1659 186,93 187,02 186,9 186,95 5974
080917 1700 186,94 187,01 186,84 186,95 17104
080917 1701 186,96 186,96 186,54 186,54 20470
080917 1702 186,59 186,59 186,5 186,58 17594
080917 1703 186,55 186,81 186,55 186,67 5028
080917 1704 186,68 186,72 186,58 186,68 6043
080917 1705 186,63 186,75 186,63 186,75 2971
080917 1706 186,74 186,96 186,71 186,89 31257
080917 1707 186,9 186,98 186,89 186,92 6025
080917 1708 186,9 186,92 186,86 186,89 3213
080917 1709 186,88 187,04 186,87 186,92 18857
080917 1710 186,88 186,92 186,76 186,83 2695
080917 1711 186,8 186,8 186,5 186,69 9692
080917 1712 186,67 186,73 186,65 186,73 2462
080917 1713 186,73 186,73 186,57 186,62 4996
080917 1714 186,59 186,65 186,55 186,6 4304
080917 1715 186,6 186,61 186,5 186,51 61557
080917 1716 186,55 186,62 186,51 186,53 8124
080917 1717 186,55 186,77 186,5 186,7 26195
080917 1718 186,68 186,7 186,6 186,62 2127
080917 1719 186,6 186,63 186,25 186,31 59972
080917 1720 186,31 186,45 186,28 186,35 13230
080917 1721 186,3 186,35 186,22 186,27 11548
080917 1722 186,34 186,34 186,19 186,29 11330
080917 1723 186,25 186,33 186,14 186,19 12205
080917 1724 186,18 186,28 186,1 186,23 10445
080917 1725 186,27 186,32 186,2 186,2 3729
080917 1726 186,2 186,31 186,16 186,3 5754
080917 1727 186,27 186,55 186,26 186,52 14829
080917 1728 186,48 186,49 186,3 186,39 8051
080917 1729 186,4 186,49 186,25 186,49 10339
080917 1730 186,45 186,49 186,41 186,45 2398
080917 1731 186,45 186,55 186,45 186,55 9747
080917 1732 186,52 186,52 186,41 186,43 1509
080917 1733 186,41 186,5 186,3 186,36 16102
080917 1734 186,35 186,35 186,16 186,22 8974
080917 1735 186,18 186,22 186,05 186,06 17742
080917 1736 186,05 186,05 185,81 185,93 32433
080917 1737 185,88 185,94 185,8 185,94 15404
080917 1738 185,95 185,96 185,8 185,9 12742
080917 1739 185,87 185,87 185,67 185,8 55863
080917 1740 185,8 185,8 185,64 185,66 23300
080917 1741 185,65 185,79 185,61 185,65 28441
080917 1742 185,65 185,65 185,43 185,55 68569
080917 1743 185,54 185,55 185,43 185,54 25350
080917 1744 185,53 185,54 185,46 185,47 10140
080917 1745 185,46 185,62 185,25 185,52 99808
080917 1746 185,51 185,54 185,47 185,53 14881
080917 1747 185,52 185,58 185,33 185,49 15400
080917 1748 185,48 185,6 185,44 185,6 6894
080917 1749 185,6 185,65 185,55 185,61 10883
080917 1750 185,61 185,65 185,42 185,64 7236
080917 1751 185,65 185,65 185,6 185,63 3817
080917 1752 185,62 185,65 185,5 185,65 20318
080917 1753 185,65 185,76 185,63 185,76 5432
080917 1754 185,76 185,76 185,65 185,68 3484
080917 1755 185,68 185,77 185,65 185,77 1596
080917 1756 185,77 185,79 185,74 185,79 3800
080917 1757 185,79 185,8 185,69 185,79 7441
080917 1758 185,79 185,8 185,76 185,76 3136
080917 1759 185,77 185,77 185,55 185,73 16999
080917 1800 185,74 185,74 185,49 185,68 11202
080917 1801 185,72 185,76 185,64 185,76 2026
080917 1802 185,75 185,8 185,68 185,8 6201
080917 1803 185,79 185,8 185,72 185,75 2220
080917 1804 185,72 185,79 185,7 185,75 1947
080917 1805 185,75 185,78 185,68 185,78 3287
080917 1806 185,75 185,77 185,72 185,75 1810
080917 1807 185,75 185,83 185,75 185,82 3939
080917 1808 185,83 185,85 185,77 185,8 3147
080917 1809 185,77 185,81 185,77 185,81 1241
080917 1810 185,81 185,81 185,76 185,78 3308
080917 1811 185,78 185,85 185,76 185,85 6334
080917 1812 185,85 185,85 185,83 185,85 2024
080917 1813 185,84 185,85 185,8 185,84 1842
080917 1814 185,84 185,9 185,84 185,9 6370
080917 1815 185,9 185,99 185,9 185,98 8470
080917 1816 185,97 185,99 185,97 185,99 8535
080917 1817 185,99 185,99 185,98 185,99 5202
080917 1818 185,98 185,99 185,94 185,98 5101
080917 1819 185,99 186,03 185,95 186,03 8567
080917 1820 186,02 186,17 185,96 186,17 17008
080917 1821 186,17 186,19 186,12 186,15 3242
080917 1822 186,12 186,12 185,96 185,97 7028
080917 1823 185,96 185,98 185,8 185,81 7302
080917 1824 185,8 185,81 185,76 185,8 2399
080917 1825 185,8 185,85 185,67 185,83 5108
080917 1826 185,82 185,93 185,79 185,93 3981
080917 1827 185,92 185,94 185,82 185,94 4140
080917 1828 185,94 185,94 185,88 185,94 2906
080917 1829 185,92 185,95 185,91 185,93 3628
080917 1830 185,91 185,91 185,62 185,66 7309
080917 1831 185,66 185,7 185,63 185,7 3678
080917 1832 185,7 185,79 185,69 185,74 4928
080917 1833 185,74 185,84 185,69 185,77 3648
080917 1834 185,73 185,89 185,69 185,77 6387
080917 1835 185,77 185,78 185,67 185,69 4359
080917 1836 185,69 185,72 185,56 185,57 12167
080917 1837 185,56 185,6 185,55 185,57 13163
080917 1838 185,56 185,87 185,56 185,72 33054
080917 1839 185,72 185,79 185,55 185,7 46527
080917 1845 185,89 185,89 185,89 185,89 50892
080917 1846 185,89 185,89 185,89 185,89 813
080917 1847 185,89 185,89 185,89 185,89 727
080917 1848 185,89 185,89 185,89 185,89 218
080917 1849 185,89 185,89 185,89 185,89 305
